{
  "accessors": [
    {
      "bufferView": 2,
      "componentType": 5126,
      "count": 614,
      "max": [
        53.56351089477539,
        14.073698043823242,
        22.50890350341797
      ],
      "min": [
        -9.48100471496582,
        -48.42232131958008,
        -41.98365783691406
      ],
      "type": "VEC3"
    },
    {
      "bufferView": 2,
      "byteOffset": 7368,
      "componentType": 5126,
      "count": 614,
      "max": [
        0.9996333122253418,
        0.982712984085083,
        0.9906888008117676
      ],
      "min": [
        -0.9801115989685059,
        -0.979437530040741,
        -0.9990549683570862
      ],
      "type": "VEC3"
    },
    {
      "bufferView": 1,
      "componentType": 5126,
      "count": 614,
      "max": [
        1.2099988460540771,
        0.8225111365318298
      ],
      "min": [
        -0.20999890565872192,
        0.17748889327049255
      ],
      "type": "VEC2"
    },
    {
      "bufferView": 0,
      "componentType": 5125,
      "count": 2820,
      "type": "SCALAR"
    },
    {
      "bufferView": 2,
      "byteOffset": 14736,
      "componentType": 5126,
      "count": 384,
      "max": [
        70.33755493164063,
        158.98373413085938,
        0.0
      ],
      "min": [
        -70.33755493164063,
        -158.98373413085938,
        -11.364750862121582
      ],
      "type": "VEC3"
    },
    {
      "bufferView": 2,
      "byteOffset": 19344,
      "componentType": 5126,
      "count": 384,
      "max": [
        0.9980200529098511,
        0.998019814491272,
        0.9980200529098511
      ],
      "min": [
        -0.9980199933052063,
        -0.9980198740959167,
        -0.9969583749771118
      ],
      "type": "VEC3"
    },
    {
      "bufferView": 1,
      "byteOffset": 4912,
      "componentType": 5126,
      "count": 384,
      "max": [
        317.96746826171875,
        317.96746826171875
      ],
      "min": [
        -138.1851043701172,
        -12.739233016967773
      ],
      "type": "VEC2"
    },
    {
      "bufferView": 0,
      "byteOffset": 11280,
      "componentType": 5125,
      "count": 1476,
      "type": "SCALAR"
    },
    {
      "bufferView": 2,
      "byteOffset": 23952,
      "componentType": 5126,
      "count": 5494,
      "max": [
        16.46755027770996,
        42.053253173828125,
        -7.113286972045898
      ],
      "min": [
        -17.635814666748047,
        -42.31392288208008,
        -28.836349487304688
      ],
      "type": "VEC3"
    },
    {
      "bufferView": 2,
      "byteOffset": 89880,
      "componentType": 5126,
      "count": 5494,
      "max": [
        0.9998244047164917,
        0.9980713129043579,
        0.9999650120735168
      ],
      "min": [
        -0.9999246001243591,
        -0.992226243019104,
        -0.999951183795929
      ],
      "type": "VEC3"
    },
    {
      "bufferView": 1,
      "byteOffset": 7984,
      "componentType": 5126,
      "count": 5494,
      "max": [
        1.0034797191619873,
        0.6704950332641602
      ],
      "min": [
        -0.0034796595573425293,
        0.32950490713119507
      ],
      "type": "VEC2"
    },
    {
      "bufferView": 0,
      "byteOffset": 17184,
      "componentType": 5125,
      "count": 30528,
      "type": "SCALAR"
    },
    {
      "bufferView": 2,
      "byteOffset": 155808,
      "componentType": 5126,
      "count": 614,
      "max": [
        53.56351089477539,
        14.073698043823242,
        22.50890350341797
      ],
      "min": [
        -9.48100471496582,
        -48.42232131958008,
        -41.98365783691406
      ],
      "type": "VEC3"
    },
    {
      "bufferView": 2,
      "byteOffset": 163176,
      "componentType": 5126,
      "count": 614,
      "max": [
        0.9996333122253418,
        0.982712984085083,
        0.9906888008117676
      ],
      "min": [
        -0.9801115989685059,
        -0.979437530040741,
        -0.9990549683570862
      ],
      "type": "VEC3"
    },
    {
      "bufferView": 1,
      "byteOffset": 51936,
      "componentType": 5126,
      "count": 614,
      "max": [
        1.2099988460540771,
        0.8225111365318298
      ],
      "min": [
        -0.20999890565872192,
        0.17748889327049255
      ],
      "type": "VEC2"
    },
    {
      "bufferView": 0,
      "byteOffset": 139296,
      "componentType": 5125,
      "count": 2820,
      "type": "SCALAR"
    },
    {
      "bufferView": 2,
      "byteOffset": 170544,
      "componentType": 5126,
      "count": 5494,
      "max": [
        16.46755027770996,
        42.053253173828125,
        -7.113286972045898
      ],
      "min": [
        -17.635814666748047,
        -42.31392288208008,
        -28.836349487304688
      ],
      "type": "VEC3"
    },
    {
      "bufferView": 2,
      "byteOffset": 236472,
      "componentType": 5126,
      "count": 5494,
      "max": [
        0.9998244047164917,
        0.9980713129043579,
        0.9999650120735168
      ],
      "min": [
        -0.9999246001243591,
        -0.992226243019104,
        -0.999951183795929
      ],
      "type": "VEC3"
    },
    {
      "bufferView": 1,
      "byteOffset": 56848,
      "componentType": 5126,
      "count": 5494,
      "max": [
        1.0034797191619873,
        0.6704950332641602
      ],
      "min": [
        -0.0034796595573425293,
        0.32950490713119507
      ],
      "type": "VEC2"
    },
    {
      "bufferView": 0,
      "byteOffset": 150576,
      "componentType": 5125,
      "count": 30528,
      "type": "SCALAR"
    },
    {
      "bufferView": 2,
      "byteOffset": 302400,
      "componentType": 5126,
      "count": 614,
      "max": [
        53.56351089477539,
        14.073698043823242,
        22.50890350341797
      ],
      "min": [
        -9.48100471496582,
        -48.42232131958008,
        -41.98365783691406
      ],
      "type": "VEC3"
    },
    {
      "bufferView": 2,
      "byteOffset": 309768,
      "componentType": 5126,
      "count": 614,
      "max": [
        0.9996333122253418,
        0.982712984085083,
        0.9906888008117676
      ],
      "min": [
        -0.9801115989685059,
        -0.979437530040741,
        -0.9990549683570862
      ],
      "type": "VEC3"
    },
    {
      "bufferView": 1,
      "byteOffset": 100800,
      "componentType": 5126,
      "count": 614,
      "max": [
        1.2099988460540771,
        0.8225111365318298
      ],
      "min": [
        -0.20999890565872192,
        0.17748889327049255
      ],
      "type": "VEC2"
    },
    {
      "bufferView": 0,
      "byteOffset": 272688,
      "componentType": 5125,
      "count": 2820,
      "type": "SCALAR"
    },
    {
      "bufferView": 2,
      "byteOffset": 317136,
      "componentType": 5126,
      "count": 5494,
      "max": [
        16.46755027770996,
        42.053253173828125,
        -7.113286972045898
      ],
      "min": [
        -17.635814666748047,
        -42.31392288208008,
        -28.836349487304688
      ],
      "type": "VEC3"
    },
    {
      "bufferView": 2,
      "byteOffset": 383064,
      "componentType": 5126,
      "count": 5494,
      "max": [
        0.9998244047164917,
        0.9980713129043579,
        0.9999650120735168
      ],
      "min": [
        -0.9999246001243591,
        -0.992226243019104,
        -0.999951183795929
      ],
      "type": "VEC3"
    },
    {
      "bufferView": 1,
      "byteOffset": 105712,
      "componentType": 5126,
      "count": 5494,
      "max": [
        1.0034797191619873,
        0.6704950332641602
      ],
      "min": [
        -0.0034796595573425293,
        0.32950490713119507
      ],
      "type": "VEC2"
    },
    {
      "bufferView": 0,
      "byteOffset": 283968,
      "componentType": 5125,
      "count": 30528,
      "type": "SCALAR"
    },
    {
      "bufferView": 2,
      "byteOffset": 448992,
      "componentType": 5126,
      "count": 614,
      "max": [
        53.56351089477539,
        14.073698043823242,
        22.50890350341797
      ],
      "min": [
        -9.48100471496582,
        -48.42232131958008,
        -41.98365783691406
      ],
      "type": "VEC3"
    },
    {
      "bufferView": 2,
      "byteOffset": 456360,
      "componentType": 5126,
      "count": 614,
      "max": [
        0.9996333122253418,
        0.982712984085083,
        0.9906888008117676
      ],
      "min": [
        -0.9801115989685059,
        -0.979437530040741,
        -0.9990549683570862
      ],
      "type": "VEC3"
    },
    {
      "bufferView": 1,
      "byteOffset": 149664,
      "componentType": 5126,
      "count": 614,
      "max": [
        1.2099988460540771,
        0.8225111365318298
      ],
      "min": [
        -0.20999890565872192,
        0.17748889327049255
      ],
      "type": "VEC2"
    },
    {
      "bufferView": 0,
      "byteOffset": 406080,
      "componentType": 5125,
      "count": 2820,
      "type": "SCALAR"
    },
    {
      "bufferView": 2,
      "byteOffset": 463728,
      "componentType": 5126,
      "count": 5494,
      "max": [
        16.46755027770996,
        42.053253173828125,
        -7.113286972045898
      ],
      "min": [
        -17.635814666748047,
        -42.31392288208008,
        -28.836349487304688
      ],
      "type": "VEC3"
    },
    {
      "bufferView": 2,
      "byteOffset": 529656,
      "componentType": 5126,
      "count": 5494,
      "max": [
        0.9998244047164917,
        0.9980713129043579,
        0.9999650120735168
      ],
      "min": [
        -0.9999246001243591,
        -0.992226243019104,
        -0.999951183795929
      ],
      "type": "VEC3"
    },
    {
      "bufferView": 1,
      "byteOffset": 154576,
      "componentType": 5126,
      "count": 5494,
      "max": [
        1.0034797191619873,
        0.6704950332641602
      ],
      "min": [
        -0.0034796595573425293,
        0.32950490713119507
      ],
      "type": "VEC2"
    },
    {
      "bufferView": 0,
      "byteOffset": 417360,
      "componentType": 5125,
      "count": 30528,
      "type": "SCALAR"
    }
  ],
  "asset": {
    "extras": {
      "author": "ditovirnantio (https://sketchfab.com/ditovirnantio)",
      "license": "CC-BY-4.0 (http://creativecommons.org/licenses/by/4.0/)",
      "source": "https://sketchfab.com/3d-models/salmon-nigiri-sushi-4a09a5fdbc1240f5a56abf874a4415a5",
      "title": "Salmon Nigiri Sushi"
    },
    "generator": "Sketchfab-15.19.0",
    "version": "2.0"
  },
  "bufferViews": [
    {
      "buffer": 0,
      "byteLength": 539472,
      "name": "floatBufferViews",
      "target": 34963
    },
    {
      "buffer": 0,
      "byteLength": 198528,
      "byteOffset": 539472,
      "byteStride": 8,
      "name": "floatBufferViews",
      "target": 34962
    },
    {
      "buffer": 0,
      "byteLength": 595584,
      "byteOffset": 738000,
      "byteStride": 12,
      "name": "floatBufferViews",
      "target": 34962
    }
  ],
  "buffers": [
    {
      "byteLength": 1333584,
      "uri": "scene.bin"
    }
  ],
  "extensionsRequired": [
    "KHR_materials_pbrSpecularGlossiness"
  ],
  "extensionsUsed": [
    "KHR_materials_pbrSpecularGlossiness"
  ],
  "images": [
    {
      "uri": "textures/Material_25_diffuse.jpeg"
    },
    {
      "uri": "textures/Material_26_diffuse.jpeg"
    }
  ],
  "materials": [
    {
      "doubleSided": true,
      "extensions": {
        "KHR_materials_pbrSpecularGlossiness": {
          "diffuseFactor": [
            1.0,
            1.0,
            1.0,
            1.0
          ],
          "diffuseTexture": {
            "index": 0
          },
          "glossinessFactor": 1.0,
          "specularFactor": [
            0.37260061166542024,
            0.37260061166542024,
            0.37260061166542024
          ]
        }
      },
      "name": "Material_25"
    },
    {
      "doubleSided": true,
      "extensions": {
        "KHR_materials_pbrSpecularGlossiness": {
          "diffuseFactor": [
            0.028422382108192423,
            0.028422382108192423,
            0.028422382108192423,
            1.0
          ],
          "glossinessFactor": 1.0,
          "specularFactor": [
            0.03819108768217719,
            0.03819108768217719,
            0.03819108768217719
          ]
        }
      },
      "name": "Cherry_Floor"
    },
    {
      "doubleSided": true,
      "extensions": {
        "KHR_materials_pbrSpecularGlossiness": {
          "diffuseFactor": [
            1.0,
            1.0,
            1.0,
            1.0
          ],
          "diffuseTexture": {
            "index": 1
          },
          "glossinessFactor": 0.8158847563978622,
          "specularFactor": [
            0.019950568192182112,
            0.019950568192182112,
            0.019950568192182112
          ]
        }
      },
      "name": "Material_26"
    }
  ],
  "meshes": [
    {
      "name": "Plane001_Material #25_0",
      "primitives": [
        {
          "attributes": {
            "NORMAL": 1,
            "POSITION": 0,
            "TEXCOORD_0": 2
          },
          "indices": 3,
          "material": 0,
          "mode": 4
        }
      ]
    },
    {
      "name": "Box001_Cherry Floor_0",
      "primitives": [
        {
          "attributes": {
            "NORMAL": 5,
            "POSITION": 4,
            "TEXCOORD_0": 6
          },
          "indices": 7,
          "material": 1,
          "mode": 4
        }
      ]
    },
    {
      "name": "Plane002_Material #26_0",
      "primitives": [
        {
          "attributes": {
            "NORMAL": 9,
            "POSITION": 8,
            "TEXCOORD_0": 10
          },
          "indices": 11,
          "material": 2,
          "mode": 4
        }
      ]
    },
    {
      "name": "Plane003_Material #25_0",
      "primitives": [
        {
          "attributes": {
            "NORMAL": 13,
            "POSITION": 12,
            "TEXCOORD_0": 14
          },
          "indices": 15,
          "material": 0,
          "mode": 4
        }
      ]
    },
    {
      "name": "Plane004_Material #26_0",
      "primitives": [
        {
          "attributes": {
            "NORMAL": 17,
            "POSITION": 16,
            "TEXCOORD_0": 18
          },
          "indices": 19,
          "material": 2,
          "mode": 4
        }
      ]
    },
    {
      "name": "Plane005_Material #25_0",
      "primitives": [
        {
          "attributes": {
            "NORMAL": 21,
            "POSITION": 20,
            "TEXCOORD_0": 22
          },
          "indices": 23,
          "material": 0,
          "mode": 4
        }
      ]
    },
    {
      "name": "Plane006_Material #26_0",
      "primitives": [
        {
          "attributes": {
            "NORMAL": 25,
            "POSITION": 24,
            "TEXCOORD_0": 26
          },
          "indices": 27,
          "material": 2,
          "mode": 4
        }
      ]
    },
    {
      "name": "Plane007_Material #25_0",
      "primitives": [
        {
          "attributes": {
            "NORMAL": 29,
            "POSITION": 28,
            "TEXCOORD_0": 30
          },
          "indices": 31,
          "material": 0,
          "mode": 4
        }
      ]
    },
    {
      "name": "Plane008_Material #26_0",
      "primitives": [
        {
          "attributes": {
            "NORMAL": 33,
            "POSITION": 32,
            "TEXCOORD_0": 34
          },
          "indices": 35,
          "material": 2,
          "mode": 4
        }
      ]
    }
  ],
  "nodes": [
    {
      "children": [
        1
      ],
      "matrix": [
        1.0,
        0.0,
        0.0,
        0.0,
        0.0,
        2.220446049250313e-16,
        -1.0,
        0.0,
        0.0,
        1.0,
        2.220446049250313e-16,
        0.0,
        0.0,
        0.0,
        0.0,
        1.0
      ],
      "name": "Sketchfab_model"
    },
    {
      "children": [
        2
      ],
      "matrix": [
        1.0,
        0.0,
        0.0,
        0.0,
        0.0,
        0.0,
        1.0,
        0.0,
        0.0,
        -1.0,
        0.0,
        0.0,
        0.0,
        0.0,
        0.0,
        1.0
      ],
      "name": "Salmon Sushi.fbx"
    },
    {
      "children": [
        3,
        5,
        7,
        9,
        11,
        13,
        15,
        17,
        19
      ],
      "name": "RootNode"
    },
    {
      "children": [
        4
      ],
      "matrix": [
        0.706281491050951,
        -0.7079311092181537,
        -5.587935553366744e-09,
        0.0,
        -0.7079311092181535,
        -0.706281491050951,
        1.6150010784595077e-08,
        0.0,
        -1.5379750503152022e-08,
        -7.450580282898273e-09,
        -1.0,
        0.0,
        -0.984130859375,
        18.255125045776367,
        77.72374725341797,
        1.0
      ],
      "name": "Plane001"
    },
    {
      "mesh": 0,
      "name": "Plane001_Material #25_0"
    },
    {
      "children": [
        6
      ],
      "matrix": [
        1.0,
        0.0,
        0.0,
        0.0,
        0.0,
        2.220446049250313e-16,
        -1.0,
        0.0,
        0.0,
        1.0,
        2.220446049250313e-16,
        0.0,
        27.697277069091797,
        0.0,
        188.74258422851563,
        1.0
      ],
      "name": "Box001"
    },
    {
      "mesh": 1,
      "name": "Box001_Cherry Floor_0"
    },
    {
      "children": [
        8
      ],
      "matrix": [
        0.7112017339719157,
        5.551115123125783e-17,
        -0.7029879754272761,
        0.0,
        -0.7029879754272761,
        1.1102230246251565e-16,
        -0.7112017339719157,
        0.0,
        5.551115123125783e-17,
        1.0,
        1.1102230246251565e-16,
        0.0,
        27.489063262939453,
        46.903221130371094,
        86.77595520019531,
        1.0
      ],
      "name": "Plane002"
    },
    {
      "mesh": 2,
      "name": "Plane002_Material #26_0"
    },
    {
      "children": [
        10
      ],
      "matrix": [
        0.706281491050951,
        -0.7079311092181537,
        -5.587935553366744e-09,
        0.0,
        -0.7079311092181535,
        -0.706281491050951,
        1.6150010784595077e-08,
        0.0,
        -1.5379750503152022e-08,
        -7.450580282898273e-09,
        -1.0,
        0.0,
        -0.984130859375,
        18.255125045776367,
        143.6292724609375,
        1.0
      ],
      "name": "Plane003"
    },
    {
      "mesh": 3,
      "name": "Plane003_Material #25_0"
    },
    {
      "children": [
        12
      ],
      "matrix": [
        0.7112017339719157,
        5.551115123125783e-17,
        -0.7029879754272761,
        0.0,
        -0.7029879754272761,
        1.1102230246251565e-16,
        -0.7112017339719157,
        0.0,
        5.551115123125783e-17,
        1.0,
        1.1102230246251565e-16,
        0.0,
        27.489063262939453,
        46.903221130371094,
        152.6814727783203,
        1.0
      ],
      "name": "Plane004"
    },
    {
      "mesh": 4,
      "name": "Plane004_Material #26_0"
    },
    {
      "children": [
        14
      ],
      "matrix": [
        0.706281491050951,
        -0.7079311092181537,
        -5.587935553366744e-09,
        0.0,
        -0.7079311092181535,
        -0.706281491050951,
        1.6150010784595077e-08,
        0.0,
        -1.5379750503152022e-08,
        -7.450580282898273e-09,
        -1.0,
        0.0,
        -0.984130859375,
        18.255125045776367,
        210.43435668945313,
        1.0
      ],
      "name": "Plane005"
    },
    {
      "mesh": 5,
      "name": "Plane005_Material #25_0"
    },
    {
      "children": [
        16
      ],
      "matrix": [
        0.7112017339719157,
        5.551115123125783e-17,
        -0.7029879754272761,
        0.0,
        -0.7029879754272761,
        1.1102230246251565e-16,
        -0.7112017339719157,
        0.0,
        5.551115123125783e-17,
        1.0,
        1.1102230246251565e-16,
        0.0,
        27.489063262939453,
        46.903221130371094,
        219.48655700683594,
        1.0
      ],
      "name": "Plane006"
    },
    {
      "mesh": 6,
      "name": "Plane006_Material #26_0"
    },
    {
      "children": [
        18
      ],
      "matrix": [
        0.706281491050951,
        -0.7079311092181537,
        -5.587935553366744e-09,
        0.0,
        -0.7079311092181535,
        -0.706281491050951,
        1.6150010784595077e-08,
        0.0,
        -1.5379750503152022e-08,
        -7.450580282898273e-09,
        -1.0,
        0.0,
        -0.984130859375,
        18.255125045776367,
        277.10894775390625,
        1.0
      ],
      "name": "Plane007"
    },
    {
      "mesh": 7,
      "name": "Plane007_Material #25_0"
    },
    {
      "children": [
        20
      ],
      "matrix": [
        0.7112017339719157,
        5.551115123125783e-17,
        -0.7029879754272761,
        0.0,
        -0.7029879754272761,
        1.1102230246251565e-16,
        -0.7112017339719157,
        0.0,
        5.551115123125783e-17,
        1.0,
        1.1102230246251565e-16,
        0.0,
        27.489063262939453,
        46.903221130371094,
        286.1611633300781,
        1.0
      ],
      "name": "Plane008"
    },
    {
      "mesh": 8,
      "name": "Plane008_Material #26_0"
    }
  ],
  "samplers": [
    {
      "magFilter": 9729,
      "minFilter": 9987,
      "wrapS": 10497,
      "wrapT": 10497
    }
  ],
  "scene": 0,
  "scenes": [
    {
      "name": "Sketchfab_Scene",
      "nodes": [
        0
      ]
    }
  ],
  "textures": [
    {
      "sampler": 0,
      "source": 0
    },
    {
      "sampler": 0,
      "source": 1
    }
  ]
}
